23 12 13 11 12 23 22 22 12 11 11 23 12 11 23 13 13 11 23 12 23 23 11 21 13 13 22 21 23 12 22 13 11 12 12 23 23 12 21 11 21 11 11 12 13 21 23 13 13 21 21 12 11 11 13 23 13 21 23 11 12 13 23 11 13 13 11 12 21 22 22 21 23 12 13 13 13 11 21 21 22 21 23 22 13 12 13 21 21 11 12 23 11 11 22 23 21 23 21 12 13 23 23 12 22 13 21 12 21 21 22 22 13 11 11 23 13 22 11 12 23 22 23 11 22 13 23 11 
12 23 12 11 13 23 22 13 22 13 13 21 13 21 21 22 23 12 21 12 13 23 23 12 23 23 12 12 22 23 12 22 22 21 22 11 23 13 13 21 23 23 23 21 11 23 13 12 11 12 11 22 11 12 23 21 11 11 23 22 12 13 22 21 23 13 13 11 21 12 23 21 12 13 23 11 23 23 23 12 12 23 12 21 21 13 13 13 13 11 13 22 12 23 12 13 12 23 13 13 12 22 12 12 13 22 12 22 22 21 12 21 12 21 11 21 12 12 13 11 23 22 12 12 13 22 21 11 
11 23 23 23 21 12 22 13 21 13 12 11 23 12 11 11 12 12 12 11 22 11 21 21 21 22 13 12 11 23 21 22 12 21 13 13 11 22 23 21 23 13 12 11 21 22 21 13 11 22 11 22 12 13 21 21 13 13 22 22 13 23 11 21 21 23 13 13 11 23 23 11 13 21 22 11 11 11 23 23 22 21 11 21 13 22 23 13 11 21 22 13 21 22 11 12 12 11 23 21 23 21 22 11 13 23 12 11 21 22 11 23 11 12 23 13 13 13 23 13 11 12 12 22 11 23 22 21 
23 23 23 22 11 21 23 21 12 13 13 13 12 23 12 22 21 13 13 22 12 21 12 21 13 22 21 12 23 11 23 13 11 13 22 22 12 22 13 21 12 11 13 22 21 23 21 11 12 12 21 13 12 11 12 13 12 23 12 12 11 23 13 13 21 22 12 22 13 23 21 23 21 22 21 13 21 23 13 13 11 22 23 21 22 12 11 21 21 21 13 13 13 12 22 22 22 12 11 12 22 12 13 22 12 12 22 23 23 23 23 22 11 21 11 21 11 11 21 11 12 22 11 13 11 11 23 22 
21 11 22 11 11 23 11 12 21 12 23 13 22 13 11 12 13 13 13 21 22 11 12 12 22 13 11 23 11 23 11 11 21 12 12 22 23 22 23 22 13 21 22 12 22 22 13 13 11 13 23 22 21 22 11 12 13 11 12 21 21 21 13 11 12 11 11 22 22 13 23 13 11 21 23 13 11 12 11 23 22 21 22 22 12 22 11 11 11 21 22 13 22 11 12 21 12 21 11 12 22 13 21 22 22 21 11 13 11 23 11 21 21 21 13 13 13 13 11 11 12 12 21 12 11 13 11 12 
22 12 23 12 21 11 13 21 21 22 23 13 22 23 22 22 22 12 21 22 13 23 21 22 12 13 12 23 11 21 21 23 22 21 11 11 21 13 13 12 12 11 13 23 21 23 21 13 11 21 13 13 22 23 13 11 12 11 12 22 22 13 13 21 13 13 12 12 21 23 22 11 11 22 21 13 11 23 13 12 22 23 13 22 22 11 22 22 22 11 22 23 23 22 21 13 13 21 21 21 11 11 12 21 22 11 21 23 12 23 11 21 22 11 22 23 11 11 13 22 13 12 22 21 23 11 11 12 
12 21 21 13 21 21 11 22 12 22 22 11 13 13 23 12 21 12 22 22 21 11 23 12 22 13 21 23 23 13 11 21 11 23 21 21 13 12 22 12 22 22 21 11 22 12 22 11 11 13 12 21 22 22 21 12 22 22 23 13 21 11 11 23 22 13 13 12 11 21 22 23 22 22 13 23 23 13 22 23 11 21 11 21 13 13 23 22 12 12 11 21 11 12 12 13 23 11 11 23 13 22 23 11 22 22 11 23 13 23 22 21 21 23 22 11 13 12 11 23 13 23 21 12 22 21 11 23 
12 21 22 22 11 23 11 11 21 22 21 12 22 22 22 21 13 22 11 23 11 13 12 11 12 12 13 11 13 11 22 11 23 13 12 21 13 12 12 12 22 12 12 13 11 13 13 13 12 23 22 13 22 23 22 22 21 11 21 13 11 22 11 13 23 22 13 13 13 13 21 12 23 11 13 23 11 13 23 11 23 21 23 13 22 23 12 11 22 12 22 13 23 12 22 21 23 21 22 12 21 23 11 11 11 21 13 11 12 22 12 22 23 13 11 22 12 23 23 22 12 12 12 11 21 23 11 21 
23 11 21 21 11 13 13 22 21 21 22 11 11 22 12 12 22 21 11 23 21 23 22 23 22 23 21 13 23 22 13 13 21 11 23 11 23 23 21 12 21 13 12 22 13 13 22 13 13 13 12 21 21 22 12 22 22 21 21 21 12 23 23 13 23 23 12 21 22 22 23 22 13 12 13 21 22 23 22 21 11 23 23 11 13 12 11 21 11 12 21 12 22 22 23 21 11 21 11 21 22 21 12 11 11 13 23 22 23 21 12 22 22 21 13 11 12 22 21 23 12 13 13 23 21 11 13 12 
23 13 22 12 21 22 11 23 13 23 11 11 22 12 13 21 11 21 22 22 12 11 22 12 23 23 22 22 22 21 13 23 13 22 12 22 22 21 21 21 13 23 22 12 11 12 23 13 22 21 11 13 23 23 13 21 23 21 22 12 11 23 23 21 13 13 13 21 22 21 23 23 23 11 12 22 22 11 13 13 21 22 22 13 21 23 22 13 11 23 13 13 13 21 11 11 21 11 23 21 12 13 21 11 12 21 13 11 22 22 22 21 21 12 21 21 12 23 12 12 22 22 11 12 12 13 13 12 
21 23 21 13 21 22 12 11 23 13 13 22 21 22 11 11 22 21 22 21 22 22 13 22 11 23 12 22 13 12 21 22 13 21 23 22 13 23 12 23 11 12 11 22 12 13 12 13 23 11 21 22 22 11 13 21 21 13 12 11 11 12 23 21 12 11 13 12 12 12 13 12 23 11 11 23 12 21 13 21 12 21 12 11 13 11 13 23 22 21 23 22 22 11 21 11 22 13 11 11 13 12 12 22 23 13 22 21 23 22 12 22 23 21 21 21 13 22 13 12 21 11 12 12 13 23 21 21 
13 22 21 12 13 12 12 21 21 11 13 21 13 13 21 22 13 21 13 21 13 13 11 23 22 12 22 21 23 21 11 12 23 13 13 12 13 11 22 22 23 22 23 11 22 13 22 12 23 23 23 21 23 12 23 11 22 22 11 21 21 12 23 11 23 22 12 11 12 23 11 22 13 11 22 22 23 13 11 13 22 23 12 11 21 23 12 23 11 22 11 21 11 11 12 21 11 21 23 21 21 12 22 21 23 23 13 12 22 23 12 22 23 11 12 12 12 22 21 12 21 13 23 21 11 22 23 21 
12 23 22 23 12 22 11 13 13 13 11 23 21 21 21 13 21 23 12 11 22 11 21 13 12 12 21 12 13 23 23 12 12 23 21 12 21 13 13 23 21 11 11 23 22 13 21 13 23 11 11 12 21 13 23 13 23 21 12 11 21 23 21 13 21 21 12 11 22 21 13 11 21 21 22 22 11 21 23 22 12 22 23 13 13 22 23 12 22 11 13 23 11 22 23 23 13 22 12 22 23 22 12 21 13 23 11 21 21 13 22 22 23 21 12 21 13 11 21 11 23 21 22 21 21 23 21 11 
23 13 21 22 22 22 11 12 11 13 22 21 12 13 23 21 12 22 22 13 13 23 13 21 23 12 11 12 12 11 12 22 12 22 11 22 22 12 23 12 21 12 11 11 23 12 13 12 21 23 11 22 23 11 11 12 11 12 23 11 21 22 22 22 21 11 23 23 21 13 12 13 22 23 21 13 11 12 22 13 22 22 22 11 21 13 21 23 12 12 21 11 23 11 13 12 22 12 22 13 12 23 23 21 11 13 23 11 11 11 13 21 13 13 22 11 11 12 21 21 21 13 21 11 23 12 23 13 
22 13 21 21 23 13 13 22 22 13 22 21 11 23 12 11 22 21 22 12 22 12 13 12 13 21 22 11 23 11 21 22 22 13 22 11 12 21 12 11 11 23 21 13 21 13 22 11 23 12 22 11 22 12 13 13 13 22 22 22 22 13 11 21 13 13 23 22 11 23 12 21 11 22 22 13 21 22 23 23 12 22 13 11 11 21 13 13 21 11 11 13 12 12 13 12 11 12 11 12 11 22 13 11 12 22 13 13 12 11 12 23 12 21 13 23 13 11 12 23 22 22 13 22 23 12 22 21 
22 22 21 11 11 23 12 12 13 23 21 21 23 13 13 21 21 22 21 13 11 21 22 12 22 22 22 23 12 23 22 13 23 11 11 12 12 21 23 11 12 12 12 21 13 11 23 13 22 22 22 21 21 13 23 13 13 22 22 11 13 13 13 12 13 23 22 11 13 12 11 12 22 22 12 13 13 11 11 13 12 22 11 11 22 13 21 11 11 22 11 13 21 22 23 21 12 23 22 22 22 12 23 12 21 13 22 23 12 12 22 22 11 11 12 13 11 11 11 22 23 21 11 22 22 23 21 21 
12 21 22 12 13 22 22 23 13 22 23 21 11 23 11 12 12 21 11 12 21 11 22 22 21 21 12 22 12 12 13 11 13 22 23 23 13 22 13 22 12 23 22 13 13 11 12 12 22 13 12 11 23 22 21 21 11 11 12 12 12 11 13 13 13 23 21 12 22 11 13 23 23 21 11 11 21 23 13 22 23 13 21 23 13 21 22 21 12 23 21 21 23 22 13 23 22 13 11 13 23 11 13 13 23 21 11 11 12 13 11 23 13 23 22 22 11 11 22 22 13 13 11 12 13 23 13 12 
12 11 21 21 22 11 21 21 22 23 23 13 23 12 23 22 23 21 12 11 13 22 12 12 11 21 23 23 22 12 21 23 23 22 11 21 23 12 23 21 22 11 22 21 12 11 22 12 23 23 11 21 23 23 22 21 11 22 13 21 11 22 12 22 21 21 21 11 13 23 13 23 11 11 11 12 12 13 11 11 11 12 21 23 23 13 13 12 22 22 11 23 12 11 22 13 21 13 22 12 12 13 21 11 21 23 12 23 22 12 13 21 12 13 21 13 12 11 23 12 13 23 12 21 13 13 12 13 
21 13 23 23 21 22 21 11 13 21 13 13 23 23 21 13 13 21 21 11 22 21 12 23 21 13 12 13 12 22 11 21 22 12 22 12 23 12 12 22 22 13 13 12 12 12 23 12 12 12 23 12 21 23 12 21 13 11 13 22 22 23 13 23 23 12 22 21 11 13 13 13 22 12 13 13 13 23 22 23 23 11 12 22 12 11 13 22 12 23 11 11 22 12 12 11 11 21 13 21 12 23 11 22 12 12 22 12 23 11 21 23 11 22 12 22 12 21 22 11 11 21 23 22 11 12 11 23 
21 22 23 21 13 22 22 22 11 22 11 11 13 11 22 22 22 23 22 11 13 13 22 22 11 12 11 13 23 22 21 12 13 13 11 22 12 12 23 21 23 22 23 23 13 21 13 23 13 21 21 13 22 21 12 21 12 11 13 11 23 11 12 11 11 13 21 21 22 12 11 22 21 12 11 13 22 12 21 11 13 13 11 23 23 21 21 22 22 12 23 11 12 22 23 21 21 21 21 23 23 22 21 22 13 23 11 23 23 12 12 21 11 11 11 21 11 22 13 13 13 11 23 11 12 13 11 22 
23 21 23 12 13 11 23 13 22 11 12 11 23 21 11 13 13 21 12 13 23 21 11 13 22 11 21 23 22 13 13 11 12 22 21 23 12 23 11 13 11 12 12 12 22 22 22 21 12 12 12 22 22 22 23 13 21 22 22 21 21 13 22 11 11 23 22 23 21 21 13 22 11 11 23 21 13 22 23 23 23 12 13 23 11 13 22 11 11 11 13 11 13 13 23 23 22 13 13 13 22 22 23 23 12 13 22 12 21 13 12 23 13 23 21 12 12 23 13 13 12 22 22 22 22 23 11 11 
11 23 22 13 22 21 21 13 12 11 12 11 11 21 11 22 22 23 11 22 13 11 12 22 13 23 11 23 13 13 13 22 22 12 13 13 22 23 12 11 11 23 22 12 21 21 21 21 12 22 23 11 23 12 23 13 21 12 22 23 23 22 23 13 13 23 23 12 11 13 12 13 13 11 21 21 23 23 13 12 11 12 23 21 21 23 13 21 21 13 21 21 21 13 11 12 12 13 21 23 13 11 13 23 21 21 11 11 13 12 22 23 13 12 22 23 12 22 23 23 11 21 13 23 21 21 13 13 
12 13 21 23 22 23 22 23 11 13 12 13 21 11 13 12 12 21 22 23 23 23 22 11 22 22 11 22 22 21 23 11 12 13 23 13 21 21 22 13 12 13 21 22 23 22 11 22 11 13 23 22 21 11 21 12 21 11 22 13 11 21 23 21 21 12 21 11 11 13 21 22 23 21 21 22 23 12 13 21 22 11 23 22 12 13 22 13 11 22 21 21 11 22 21 13 11 23 11 21 13 13 21 12 21 23 11 23 12 13 12 22 13 23 12 11 12 22 21 21 11 13 12 11 22 13 23 23 
22 11 21 22 12 13 22 12 23 13 22 12 21 21 22 23 22 21 21 23 12 13 21 23 23 23 23 13 13 12 13 11 13 23 12 21 12 13 13 12 23 11 12 13 21 22 23 23 12 22 13 11 22 12 11 12 21 23 13 21 11 21 23 22 23 12 23 22 21 21 23 11 13 22 21 22 11 23 11 11 12 11 12 23 12 12 21 11 13 21 12 23 11 22 11 21 23 21 22 13 21 11 13 11 21 12 22 12 11 11 11 23 21 13 13 22 13 22 11 21 21 23 13 12 11 12 22 22 
21 23 22 23 13 23 23 21 12 11 23 21 13 11 23 11 12 23 11 22 11 12 12 22 11 12 11 13 12 13 23 21 21 21 23 12 11 12 23 23 21 23 23 21 12 23 21 23 11 22 12 22 21 11 13 23 21 13 11 22 11 12 21 13 11 23 23 23 22 13 22 11 12 23 22 23 21 13 23 22 11 12 11 22 22 22 11 21 23 23 22 12 23 11 21 21 12 13 12 23 21 22 23 12 11 23 11 23 13 11 23 22 23 13 21 11 12 11 11 23 22 13 23 22 11 21 23 12 
23 21 13 11 22 21 21 22 13 23 22 22 21 21 23 22 13 21 11 23 21 21 22 12 21 11 21 11 22 21 13 23 21 12 11 11 23 11 11 23 21 11 13 13 11 21 11 22 13 12 23 11 21 12 22 23 23 13 11 12 12 11 21 11 12 21 22 21 13 12 22 23 23 21 12 22 12 21 21 12 23 13 22 13 12 11 12 12 12 13 21 13 13 13 13 12 12 13 21 21 12 23 12 21 11 12 22 11 11 21 11 21 22 23 13 22 13 12 13 22 22 13 21 12 11 21 22 11 
12 11 12 11 23 12 21 12 22 22 22 23 11 11 11 13 22 22 11 22 11 13 21 22 12 13 22 21 11 21 22 11 11 13 23 23 21 23 23 21 11 21 21 22 11 23 22 22 13 21 22 23 21 12 21 21 22 23 11 23 21 23 11 21 12 22 21 12 13 23 22 11 11 21 11 23 22 11 22 21 12 13 22 13 23 21 23 21 23 12 12 12 21 22 13 12 21 22 11 12 12 21 22 23 22 22 13 23 22 23 13 22 23 11 12 12 11 13 21 13 21 21 21 11 12 22 23 22 
11 12 13 13 13 21 23 23 12 23 23 23 13 22 12 22 13 13 22 22 21 22 11 12 23 13 13 23 13 12 23 12 21 22 13 13 13 21 12 22 13 12 21 11 13 22 23 23 12 12 12 13 22 23 13 21 12 11 22 21 21 21 13 23 23 12 21 11 21 13 22 21 12 13 13 23 21 23 12 11 22 13 12 12 11 13 23 23 12 13 23 22 22 11 23 22 22 13 11 13 23 12 11 23 23 23 12 13 23 22 22 21 23 23 21 21 11 13 23 13 23 12 21 21 22 12 22 21 
23 22 11 22 12 23 22 11 12 22 11 22 23 13 12 11 23 12 21 23 11 11 12 12 13 23 23 21 22 11 13 21 21 23 12 11 12 22 21 11 23 12 12 21 22 23 13 21 22 22 12 13 21 23 13 11 11 21 23 13 21 12 13 12 22 13 21 23 21 12 21 23 23 13 12 11 12 11 12 22 13 13 11 13 22 23 11 12 21 13 13 22 13 12 11 22 12 11 23 22 22 13 22 22 23 13 21 11 22 21 13 21 22 13 22 22 12 13 13 13 23 12 13 12 22 13 11 13 
22 23 11 21 22 12 12 13 21 21 13 21 12 23 21 21 11 12 11 21 22 12 21 21 21 21 22 13 12 21 22 23 13 11 21 21 23 13 12 11 23 22 23 22 21 22 21 23 23 13 21 23 21 21 12 11 12 22 21 11 21 12 12 11 12 23 23 21 11 21 23 13 11 11 13 12 21 22 12 13 22 13 21 12 11 23 23 22 11 23 11 23 23 23 22 11 21 23 11 11 23 11 11 13 12 22 12 23 21 23 13 23 22 21 13 12 13 23 11 12 23 21 11 11 21 23 11 11 
21 12 12 13 11 23 11 21 23 13 13 21 21 12 22 12 23 12 11 12 11 22 22 11 21 22 11 13 21 13 12 12 12 12 13 22 23 13 23 12 21 13 13 13 21 21 21 21 21 22 21 13 22 22 21 13 12 13 13 23 11 11 12 23 11 21 21 23 12 13 22 23 13 13 21 13 13 13 21 21 13 11 23 11 21 12 21 11 12 21 22 12 13 23 12 12 21 23 22 11 12 23 23 12 12 11 23 12 11 22 22 21 21 13 12 21 21 22 12 21 13 12 12 23 22 22 12 21 
11 12 11 13 11 21 12 13 12 13 12 22 21 23 21 23 12 11 22 11 23 12 11 23 11 12 22 21 22 11 22 12 22 23 23 11 13 11 11 13 13 21 23 22 21 21 11 23 23 11 11 21 22 23 22 11 13 23 12 13 12 22 11 22 11 13 22 11 23 11 21 11 23 12 21 13 11 21 21 13 21 11 23 12 12 23 12 22 21 23 11 12 11 13 21 21 13 11 13 22 12 21 11 12 11 22 22 21 13 21 12 22 22 23 23 12 23 21 23 21 12 13 22 12 11 13 13 22 
13 12 13 12 22 12 12 11 21 11 12 13 12 13 12 12 21 13 22 12 11 22 22 21 22 13 12 23 13 23 13 22 13 11 11 23 11 22 22 23 13 12 22 11 23 21 23 22 23 21 22 11 23 21 13 22 12 23 12 13 13 21 22 13 22 11 23 11 23 22 23 12 11 21 21 12 23 13 22 23 11 13 13 13 23 13 11 23 13 13 11 23 23 12 22 21 13 11 23 21 22 21 13 11 21 23 13 11 13 21 12 23 11 12 22 21 22 21 23 21 11 23 22 13 11 13 11 12 
12 21 11 22 21 23 11 22 22 12 21 13 21 22 12 23 12 13 12 12 22 13 22 12 13 12 13 21 23 22 13 23 13 13 21 22 23 23 23 23 13 12 11 21 12 13 23 21 23 13 22 21 23 12 13 23 12 11 13 23 22 12 21 12 23 21 23 13 12 13 23 23 13 23 21 11 11 23 13 13 23 13 13 13 13 22 22 11 21 13 21 21 13 23 11 11 22 21 11 12 23 13 22 21 22 13 23 22 13 22 23 21 12 23 12 12 22 23 12 22 12 13 21 23 11 12 13 13 
23 21 12 22 11 13 13 12 11 12 23 13 12 13 11 12 13 13 13 12 12 23 13 23 23 22 21 11 12 12 23 13 23 23 11 11 22 22 13 23 22 21 21 11 13 13 11 21 22 21 13 12 21 12 12 21 23 23 21 13 22 12 21 23 12 23 21 23 13 12 12 12 21 21 21 12 23 21 11 23 23 13 23 22 21 11 12 23 13 12 12 22 12 11 23 12 12 22 21 21 11 13 11 23 22 23 12 13 22 23 12 22 13 12 11 22 23 23 13 12 12 21 21 22 12 21 22 21 
21 11 12 13 13 13 11 23 21 23 22 11 21 11 23 21 21 11 23 13 23 23 13 11 13 22 11 13 13 13 11 12 13 22 23 11 12 13 22 23 21 11 11 21 11 11 22 22 23 12 11 23 22 13 21 22 22 23 21 13 23 23 23 22 13 13 22 22 22 22 12 21 12 21 13 23 23 13 13 13 11 12 21 22 11 13 11 12 22 21 12 13 23 12 12 22 13 12 11 21 11 13 21 22 11 12 23 22 22 22 12 23 13 22 21 11 21 11 23 11 11 22 11 13 22 21 23 22 
13 11 11 11 21 21 11 22 23 21 22 12 22 21 23 11 12 12 23 11 12 12 23 12 23 21 12 13 21 21 23 23 13 11 12 23 12 11 11 11 22 23 21 22 11 13 23 23 22 22 23 12 21 13 21 22 21 12 22 21 22 23 21 12 11 11 13 13 22 13 11 21 12 22 12 21 12 22 22 22 22 22 13 23 21 22 22 11 21 22 23 12 12 21 22 22 21 21 23 12 22 22 11 21 11 23 23 23 21 21 21 21 12 13 22 22 21 12 23 13 13 12 12 22 21 12 21 13 
11 22 13 13 21 13 12 11 11 21 23 12 11 12 23 21 22 12 22 11 23 23 11 23 21 21 23 23 11 11 13 23 22 11 22 11 22 13 23 11 11 12 23 12 23 11 12 21 11 12 23 12 22 13 11 12 22 22 11 11 13 23 23 12 23 12 11 11 13 12 13 13 22 12 11 22 23 11 23 13 11 22 11 21 12 11 21 23 13 23 13 11 23 22 11 12 12 21 13 13 23 23 22 13 11 22 13 12 23 22 13 21 12 21 11 22 22 13 21 13 23 22 12 21 23 11 21 13 
12 23 11 23 12 13 12 21 21 23 12 11 22 21 13 13 13 11 11 21 12 11 12 11 11 12 12 22 21 11 23 11 21 22 12 12 21 13 11 11 11 12 11 23 23 11 22 22 13 21 12 23 23 22 13 12 23 11 11 12 12 13 11 23 22 22 13 13 12 23 12 21 22 11 13 23 13 23 22 23 23 22 22 23 23 22 13 12 21 21 21 21 23 11 13 12 13 11 21 21 11 22 12 13 21 12 23 23 22 22 12 23 13 12 21 11 21 11 12 22 21 21 21 11 11 23 21 23 
23 13 12 22 11 22 12 13 23 22 12 21 13 11 13 21 22 12 11 23 22 22 23 21 21 12 12 23 21 22 23 13 12 21 23 22 12 21 21 21 11 21 23 13 22 12 22 23 13 12 13 11 23 23 22 13 21 11 12 22 12 13 11 22 11 21 12 21 22 11 11 13 12 12 11 21 22 11 13 11 11 23 21 22 12 12 13 22 12 12 23 23 12 23 22 22 23 12 12 12 11 21 22 13 22 22 13 11 13 11 21 23 11 21 23 22 21 13 13 23 22 12 23 23 12 23 21 21 
22 13 12 22 23 11 13 12 13 13 13 21 12 21 12 11 13 12 23 23 12 12 23 23 13 13 21 13 11 21 12 22 23 12 12 11 13 22 12 22 23 11 12 23 23 12 12 23 12 22 21 23 22 21 22 12 21 21 23 21 11 22 11 11 13 13 12 21 23 11 12 13 23 12 21 23 22 21 11 23 21 22 12 21 23 11 23 23 22 12 11 22 22 22 13 21 22 23 21 12 21 12 13 13 22 11 21 21 11 13 12 22 13 13 12 11 23 12 23 22 23 22 23 22 12 23 13 13 
12 13 11 13 21 11 21 23 21 11 13 23 22 11 22 23 21 13 21 23 21 12 12 12 22 21 11 13 22 12 22 21 21 23 21 13 13 23 21 23 21 23 21 11 13 11 23 21 13 11 23 12 21 21 21 23 11 11 23 13 22 22 13 12 12 12 11 12 12 23 12 22 23 11 21 22 12 12 11 11 11 23 12 22 11 23 12 11 11 11 22 12 13 11 23 12 12 23 11 22 22 13 21 23 11 21 23 11 11 11 11 21 11 22 12 22 21 22 22 22 21 22 23 12 12 13 13 13 
11 22 12 12 13 21 21 13 23 13 22 21 12 22 21 12 11 12 11 21 11 23 13 21 11 21 23 23 22 11 13 13 13 21 11 22 21 12 11 22 12 11 21 22 13 13 22 21 13 22 12 21 23 21 12 21 12 12 22 22 23 12 13 21 22 22 12 13 23 12 11 13 13 22 23 11 23 22 23 21 21 21 22 12 21 11 13 22 23 22 23 12 13 11 12 23 21 12 21 13 12 12 12 21 11 22 13 22 11 12 23 21 22 13 22 12 22 23 11 11 21 11 13 23 23 12 11 13 
13 21 12 23 11 12 23 21 12 13 23 21 22 13 21 22 21 13 12 22 22 13 22 11 21 23 22 22 13 21 23 11 11 13 23 21 22 13 21 11 11 13 13 23 12 12 11 22 12 12 23 11 22 22 12 22 11 22 23 21 22 11 11 21 21 23 12 13 23 11 11 13 23 21 22 12 12 12 22 13 23 23 21 13 12 22 23 11 22 22 11 21 21 22 23 21 23 13 11 12 11 23 21 23 21 11 22 21 21 12 13 23 21 11 23 21 21 23 12 12 23 21 13 21 23 23 11 21 
22 12 11 22 22 13 22 22 12 11 21 21 21 21 12 12 21 13 23 22 11 23 12 23 22 11 13 22 22 13 12 21 21 13 12 13 11 11 12 13 12 21 22 12 12 12 21 22 12 12 22 22 21 12 21 22 11 13 12 11 12 13 21 12 13 12 11 22 11 22 12 22 22 23 12 13 11 23 23 21 11 21 22 12 21 11 22 12 13 21 22 21 13 23 21 11 13 21 21 22 22 22 11 23 22 23 11 12 23 13 13 23 23 22 13 13 22 22 11 13 11 12 12 13 23 22 11 21 
22 12 12 23 23 21 21 12 22 23 23 23 13 11 12 23 11 11 22 22 22 12 12 21 13 11 22 11 11 12 11 22 11 22 23 21 12 23 11 11 22 12 13 23 11 12 22 21 12 21 11 13 22 12 22 11 13 12 13 21 12 21 22 13 13 12 13 22 12 13 13 12 12 21 12 11 23 13 13 11 21 23 11 13 12 21 11 21 21 12 11 22 11 13 11 13 13 11 12 22 23 21 11 13 22 12 22 22 21 13 22 21 22 13 12 13 23 22 21 12 12 12 22 13 22 13 11 11 
11 22 13 11 13 12 23 22 11 22 22 11 22 23 12 12 21 21 12 21 12 23 23 11 23 13 23 11 11 21 23 12 12 22 13 23 21 23 23 13 22 22 12 12 22 23 12 22 13 12 12 13 21 11 23 13 11 23 11 21 11 22 21 21 12 11 12 11 21 11 22 22 21 22 13 13 11 22 12 23 13 21 13 11 22 22 22 12 12 12 13 13 22 22 21 21 23 13 22 12 11 13 23 13 13 21 23 13 23 11 13 22 23 21 23 22 23 21 23 12 12 22 23 21 13 12 23 13 
13 23 11 12 13 11 21 11 11 21 12 13 12 11 22 21 11 23 11 13 21 22 23 22 11 23 11 12 23 21 12 12 23 13 23 13 23 21 13 23 23 11 21 21 23 21 22 23 21 21 23 23 21 12 11 12 12 13 22 12 13 13 22 21 23 21 11 11 21 21 21 23 22 11 13 13 23 13 13 13 22 22 22 13 11 11 22 22 23 13 23 11 11 21 11 21 11 21 11 22 11 12 12 11 12 22 13 21 12 12 13 23 21 13 22 13 22 12 11 22 11 11 22 11 11 11 22 21 
12 12 13 23 21 21 23 13 21 22 12 11 21 11 22 11 21 21 21 12 11 12 13 12 21 23 21 22 12 12 23 23 21 13 13 12 13 13 22 22 12 13 12 12 21 21 22 22 21 13 21 13 23 12 13 11 23 13 21 21 21 12 21 11 21 23 12 11 12 11 22 11 12 12 13 13 23 12 23 21 13 22 22 13 22 22 13 23 12 11 12 11 23 13 22 11 13 23 21 22 21 11 22 22 13 13 22 13 13 12 22 23 23 22 11 22 21 12 12 21 12 11 12 11 13 23 21 22 
21 11 23 22 22 11 22 23 12 21 12 12 23 23 22 21 12 22 21 11 21 23 11 12 12 23 13 22 22 11 11 21 12 21 22 23 11 11 11 23 13 23 22 21 21 21 11 23 21 21 13 21 21 12 21 23 23 21 23 23 22 21 23 13 23 11 13 22 13 12 22 22 23 11 21 22 12 22 22 12 23 22 12 11 12 13 13 13 21 21 13 23 21 13 13 12 21 13 11 13 21 21 12 23 23 21 13 23 13 12 13 23 23 12 23 11 23 11 11 22 11 21 12 21 23 22 23 12 
23 23 23 22 11 13 21 11 11 12 13 12 13 11 11 13 21 22 22 12 13 13 22 22 21 22 11 21 21 23 23 11 21 23 11 12 21 13 22 21 12 13 11 13 13 23 22 22 22 13 12 12 22 22 22 23 23 12 21 13 23 22 13 23 12 12 12 22 22 22 21 11 21 11 23 21 23 13 22 23 13 23 13 13 21 22 21 21 23 21 22 23 11 21 13 23 22 12 23 11 13 22 22 21 23 13 21 23 12 12 12 22 22 22 23 21 23 11 23 23 11 13 11 12 21 12 23 12 
11 22 23 11 13 21 21 21 21 13 11 11 21 22 11 21 13 23 11 12 21 21 13 13 22 12 22 13 11 11 21 11 23 12 11 11 23 23 12 13 21 21 11 12 12 22 22 23 22 22 22 23 21 23 12 22 23 21 13 11 23 22 13 21 13 21 13 22 21 11 21 13 13 11 21 23 11 22 12 11 23 22 21 21 13 12 23 13 11 22 13 21 21 22 22 21 13 22 22 21 12 22 13 21 21 22 21 13 11 11 22 22 12 13 12 13 22 12 22 13 22 11 11 11 23 13 22 22 
13 23 23 12 22 11 21 23 13 13 22 12 12 13 13 12 22 22 13 11 12 22 13 23 13 11 11 13 23 13 13 23 12 21 23 23 12 22 23 13 21 11 23 22 12 23 12 21 23 13 23 12 21 23 12 23 21 23 11 21 12 12 13 12 21 23 12 11 13 21 22 23 13 21 21 21 22 12 13 21 12 23 23 21 21 13 12 21 21 12 12 13 11 13 11 11 22 23 12 13 23 11 22 12 13 21 12 22 22 21 11 23 13 22 12 21 21 22 11 12 21 21 21 21 23 21 12 22 
12 13 23 21 22 12 12 12 13 12 23 13 11 23 23 23 21 21 23 13 22 11 23 23 23 11 13 22 21 23 23 23 13 23 13 12 11 23 13 13 21 11 11 11 11 23 23 22 22 23 11 22 22 23 13 12 23 11 12 12 13 13 12 11 22 13 11 11 11 21 23 11 23 21 23 23 23 23 12 13 12 21 13 23 12 23 23 22 12 11 22 12 13 23 23 11 23 13 22 12 21 13 11 12 11 11 22 12 23 23 12 22 12 13 22 12 21 23 11 13 21 12 21 12 12 21 11 11 
21 12 23 21 11 21 12 22 22 11 21 23 23 13 21 13 12 22 23 12 12 23 23 13 11 23 22 22 13 23 13 11 22 11 21 11 22 11 23 12 13 23 23 21 22 21 22 23 21 11 11 13 21 21 21 11 21 23 22 11 13 23 11 23 23 11 12 22 23 12 23 23 12 23 12 21 11 12 23 22 22 21 13 22 22 12 21 13 21 11 11 22 22 21 13 22 12 13 13 22 22 13 22 11 11 23 12 23 22 22 21 21 13 22 23 12 21 21 21 12 23 23 23 13 12 21 11 12 
21 23 22 22 23 13 11 22 13 23 21 23 13 23 21 23 22 21 12 13 22 12 12 23 23 23 13 22 23 12 23 13 13 11 11 22 22 12 13 21 13 13 12 13 21 21 12 23 23 21 23 12 22 22 21 13 13 23 21 22 23 21 21 22 11 11 13 22 21 22 21 22 11 23 13 22 21 23 23 13 12 23 11 22 13 23 13 23 11 21 21 23 13 12 22 21 11 23 22 13 11 22 13 12 21 11 23 13 23 23 11 21 11 13 13 22 23 21 21 21 22 22 12 21 11 12 13 22 
11 21 21 11 21 13 12 11 13 23 22 23 23 13 11 13 11 23 11 22 11 23 22 11 12 22 13 13 11 11 23 23 12 22 23 21 13 11 23 23 11 21 13 22 23 22 22 22 11 13 12 21 11 13 11 13 11 13 21 13 22 21 23 13 11 21 11 22 11 21 22 12 21 21 12 22 12 11 22 23 23 13 22 22 23 13 11 13 22 23 23 22 22 11 22 12 21 12 13 12 13 21 22 21 23 23 23 22 13 23 13 22 12 22 11 11 21 21 23 22 21 12 11 21 11 11 12 23 
11 13 23 11 11 22 12 21 23 23 12 23 22 23 12 23 21 21 22 23 21 11 23 12 21 12 21 12 11 21 13 22 22 22 13 13 11 23 23 22 21 11 23 12 22 23 21 21 12 21 13 13 11 13 12 12 11 22 13 11 22 12 22 12 23 22 12 12 11 11 22 21 11 11 12 12 11 22 13 13 13 12 23 22 11 11 23 11 21 21 12 12 22 22 12 13 11 12 23 22 23 22 21 23 13 22 11 21 12 23 21 21 13 13 23 23 23 21 12 22 22 23 11 13 23 21 13 12 
13 13 22 13 11 12 12 11 12 22 12 22 13 12 12 13 12 23 21 23 11 11 13 23 21 13 12 11 22 13 23 11 22 13 23 22 23 22 11 13 23 13 12 12 21 23 13 22 12 12 21 23 11 12 12 23 12 22 12 23 21 13 23 23 23 11 12 13 23 21 21 12 11 12 11 11 21 12 12 21 21 13 13 21 22 23 12 23 13 23 22 11 12 22 22 21 11 23 11 21 22 12 13 22 12 11 23 11 13 22 12 23 13 22 21 13 21 12 11 22 11 21 13 21 21 21 21 11 
22 21 23 23 22 12 11 12 12 22 11 23 23 22 22 22 23 22 11 23 21 22 13 12 11 12 22 21 11 12 13 13 13 13 12 21 21 21 22 11 13 23 23 22 11 21 21 23 13 23 21 13 12 13 21 22 13 13 11 11 13 22 21 22 22 13 13 22 23 21 13 12 23 13 21 13 11 22 11 11 11 12 13 23 13 12 12 11 23 12 21 11 22 12 13 22 23 21 21 11 12 13 21 22 13 21 12 23 13 21 13 22 12 13 13 22 22 11 23 11 13 12 22 21 23 23 23 21 
23 23 22 22 23 22 12 21 22 12 13 23 11 13 21 13 11 22 13 21 12 13 22 21 22 12 21 21 22 21 23 23 21 23 21 12 11 12 11 11 12 12 12 11 11 13 21 23 12 12 13 21 12 13 22 21 11 21 13 12 13 23 21 12 12 21 21 23 12 11 11 21 11 12 21 11 23 13 23 23 21 12 22 12 22 22 22 22 13 13 13 21 23 22 23 13 21 12 13 22 13 12 11 11 23 13 12 12 21 23 22 21 11 23 21 11 23 13 21 12 11 22 23 12 23 13 23 23 
12 21 21 13 12 12 11 13 21 11 11 13 21 13 22 22 23 21 12 23 23 23 22 21 11 23 11 23 22 22 12 22 23 11 13 11 11 11 21 13 12 21 13 21 11 11 11 22 13 21 13 12 12 22 12 23 12 12 22 23 12 11 11 12 12 21 21 21 13 23 12 11 12 12 22 13 23 13 22 11 13 11 21 11 11 11 21 21 21 13 23 21 13 22 11 13 11 12 22 23 22 22 23 12 21 21 23 21 22 23 12 12 22 13 21 21 21 13 23 12 13 23 23 23 11 12 21 12 
13 13 23 11 11 11 12 23 13 12 22 12 21 22 11 12 13 22 22 21 12 13 11 13 23 23 23 12 13 13 13 12 13 11 22 23 23 12 11 21 23 12 23 11 11 11 23 22 13 11 22 21 13 21 12 13 22 11 23 22 12 13 13 22 22 13 23 12 21 21 11 11 21 23 21 12 11 22 22 22 13 11 13 13 21 23 13 13 11 21 13 22 22 11 11 21 21 21 13 11 23 22 13 11 21 23 11 11 21 22 12 12 23 21 13 12 22 11 11 13 11 11 13 22 11 21 23 12 
13 12 23 13 22 22 12 22 21 11 21 13 12 13 11 22 12 22 21 21 22 23 23 21 11 23 22 13 21 23 23 13 13 22 13 11 23 21 23 22 23 12 11 22 21 11 22 22 13 12 21 12 11 21 21 12 21 21 21 11 23 11 12 21 22 13 23 11 23 12 12 22 11 21 21 11 22 13 13 12 23 11 13 12 12 23 13 23 21 21 11 12 12 12 23 21 23 22 21 12 12 23 23 11 11 12 21 21 21 21 23 13 23 22 11 12 21 13 13 21 11 23 12 13 12 21 22 22 
22 23 21 23 21 11 11 12 21 12 23 12 21 23 11 11 23 23 13 22 12 21 22 13 23 11 12 22 11 23 11 21 23 21 23 12 12 23 13 23 22 22 23 12 23 12 12 21 13 23 12 12 12 22 23 12 21 11 13 21 21 22 11 23 21 21 22 13 12 21 13 13 12 22 11 23 13 22 13 21 12 12 22 13 21 12 22 13 23 22 23 12 12 23 11 11 11 11 12 23 13 11 11 23 13 22 13 12 21 22 12 11 22 12 22 21 21 22 21 23 12 13 12 21 22 11 13 22 
22 21 22 21 12 13 22 21 12 22 21 11 11 12 22 21 12 21 13 12 21 13 13 22 22 13 22 22 12 12 22 12 13 12 11 21 13 22 23 22 11 13 12 13 22 13 21 22 13 13 12 23 12 21 22 12 22 13 13 22 21 22 11 13 13 21 23 21 12 21 13 23 21 23 12 23 22 12 11 13 23 11 22 13 11 22 11 13 11 12 12 21 22 22 21 12 11 21 22 12 21 11 22 22 11 11 12 11 13 22 13 11 22 21 22 12 21 21 21 22 23 11 22 21 22 13 12 11 
13 11 21 11 11 21 21 12 23 23 22 12 11 21 23 12 22 12 23 12 11 23 12 22 11 11 11 21 22 12 13 13 13 12 21 23 23 13 12 12 13 21 12 22 22 13 22 21 21 21 22 11 11 21 13 23 21 21 13 13 22 13 13 12 13 23 23 21 22 13 12 23 22 23 13 23 22 23 22 23 11 11 23 13 22 13 12 23 22 11 12 21 12 12 11 21 21 23 13 13 23 12 13 22 21 23 23 23 12 13 21 12 22 11 11 23 22 23 13 21 23 22 23 12 22 12 11 12 
12 11 22 13 21 11 21 12 23 21 13 11 21 12 21 21 12 11 21 11 23 11 22 11 22 22 13 13 13 22 22 23 22 21 11 13 22 11 23 12 13 11 23 12 11 12 12 21 21 13 11 23 11 11 11 23 22 11 11 23 12 11 22 22 21 13 22 13 12 21 11 11 13 12 12 23 12 12 23 12 22 11 13 13 12 23 23 13 12 11 21 22 23 22 21 22 13 12 23 21 11 22 22 13 23 21 13 12 11 13 11 12 21 21 11 12 21 21 13 21 23 11 22 12 22 21 12 22 
11 22 23 13 21 13 21 22 12 21 11 23 12 23 12 13 23 11 13 12 12 23 11 21 13 21 23 13 13 21 21 22 22 22 22 23 21 13 12 11 22 12 11 21 12 12 23 22 21 23 12 12 11 11 21 21 23 13 22 23 13 22 23 22 21 13 23 11 13 21 12 22 22 12 21 21 23 22 21 21 12 12 11 13 23 12 23 23 22 13 12 11 21 23 22 13 11 13 11 12 12 23 12 13 22 11 22 23 11 12 11 12 22 12 22 21 21 21 11 12 21 12 22 21 12 22 11 23 
23 21 23 22 13 23 21 13 22 22 11 21 22 13 11 22 12 13 12 13 21 23 13 13 21 23 11 12 23 13 11 13 13 12 11 23 13 22 23 13 22 23 23 13 12 12 23 23 23 12 22 23 12 13 21 21 13 21 23 13 11 21 22 13 23 21 21 11 22 13 13 13 22 11 21 23 12 11 13 11 21 11 22 23 13 13 13 22 12 21 22 12 11 12 13 13 23 23 22 11 21 22 12 12 12 22 12 13 21 13 21 11 21 22 23 12 22 12 23 13 22 23 12 13 13 13 13 11 
22 12 22 21 13 11 21 23 21 13 12 23 21 23 13 13 22 12 22 13 11 13 21 12 12 23 11 21 13 22 21 11 21 21 22 13 13 21 21 23 22 12 12 21 12 12 11 23 21 22 23 11 13 11 11 11 11 13 23 21 22 22 21 11 13 21 23 21 22 22 12 12 12 13 23 23 12 23 11 23 11 12 22 23 22 21 23 11 22 23 23 12 21 13 22 21 22 23 11 22 21 13 21 12 12 11 12 22 22 13 13 13 11 12 13 22 21 12 22 13 22 11 12 12 12 11 23 11 
23 12 21 21 23 23 23 23 12 12 22 23 11 11 21 21 13 11 22 13 22 21 23 21 23 11 23 22 22 21 12 21 23 22 11 22 23 22 12 23 12 23 11 13 13 11 22 23 23 12 12 22 13 12 11 11 11 23 12 23 21 11 23 21 12 13 23 21 11 21 22 21 22 11 23 11 23 11 11 13 22 12 11 22 13 13 23 23 22 21 11 23 22 23 12 21 12 11 23 21 13 12 11 22 23 21 23 12 23 12 13 12 12 21 11 12 22 11 11 13 23 13 11 21 13 23 21 23 
13 11 13 13 21 21 23 12 21 12 21 23 23 23 21 23 13 11 22 13 13 13 11 12 23 13 11 22 22 13 22 21 12 13 21 22 23 12 23 21 11 12 23 21 22 13 22 22 21 23 12 23 13 13 12 11 12 21 12 12 23 13 23 21 21 11 23 13 13 12 23 11 21 23 22 11 11 22 22 11 21 12 12 21 22 22 11 13 13 12 23 22 13 21 23 12 22 13 13 12 12 11 21 23 21 21 11 12 22 11 23 13 13 12 23 11 21 12 12 22 11 21 22 13 23 22 21 23 
11 22 13 13 11 12 23 22 23 11 21 21 11 13 23 11 21 12 12 13 23 22 11 22 12 11 13 12 12 12 13 11 23 13 11 12 12 11 12 22 22 13 13 23 22 23 11 23 22 13 21 11 12 22 22 11 11 13 13 11 23 23 13 12 21 22 21 11 21 21 23 23 13 22 12 11 22 13 21 22 13 12 23 22 11 11 11 23 23 12 23 22 23 11 13 11 23 22 22 22 21 13 11 22 21 11 22 21 13 13 13 11 13 22 11 23 22 11 12 22 13 11 22 11 22 21 23 11 
23 23 12 23 12 23 23 22 11 12 22 23 22 22 13 22 13 12 12 23 12 13 23 23 21 21 21 13 22 23 11 13 23 21 13 12 11 13 21 13 23 23 23 13 21 22 22 21 23 23 23 21 12 22 23 23 12 23 22 22 12 22 13 12 21 23 21 12 22 23 21 21 23 23 12 11 22 13 23 11 22 11 21 23 22 11 23 22 11 13 11 11 12 21 12 22 13 23 23 22 23 23 21 23 12 23 11 12 11 12 11 11 13 11 13 13 21 12 21 23 11 21 21 23 23 11 21 12 
21 12 13 21 22 22 21 13 13 22 22 21 23 22 12 12 22 13 22 23 11 12 13 11 13 22 12 22 12 22 22 22 12 21 23 22 22 11 13 13 22 11 22 21 21 21 22 21 12 13 11 11 13 22 12 23 13 21 21 11 11 12 13 23 11 21 23 22 13 12 23 11 23 21 11 11 11 23 12 22 13 21 11 23 22 21 21 12 21 23 23 13 13 21 23 21 23 11 11 13 11 21 13 12 12 12 13 21 12 11 22 12 11 23 23 23 23 21 22 22 11 22 23 13 12 11 21 21 
23 12 11 22 21 12 22 22 23 22 13 12 11 13 11 21 11 13 21 23 21 22 11 21 22 21 22 22 11 13 11 22 12 13 13 13 22 21 23 12 13 21 12 12 12 21 11 21 13 22 12 22 12 21 11 22 22 12 23 13 12 13 12 22 11 13 22 22 13 21 21 23 11 22 13 13 21 11 12 12 21 21 13 21 12 12 13 22 13 23 23 23 22 13 11 11 21 22 22 12 11 21 22 13 13 23 22 11 12 12 13 11 12 13 22 11 21 22 13 12 11 11 13 13 12 21 11 22 
11 22 13 12 11 23 11 11 13 23 13 12 23 21 23 11 23 12 12 23 12 13 22 11 11 13 23 21 23 23 23 12 23 11 22 13 11 21 11 12 11 12 21 21 12 22 21 22 13 12 23 11 11 21 13 22 22 21 22 23 11 12 12 13 22 12 22 12 22 22 22 12 21 12 12 12 11 22 13 22 13 23 22 22 21 22 21 13 23 21 12 23 12 12 22 12 11 22 11 23 23 11 11 11 23 22 11 23 11 11 12 11 11 22 12 22 21 22 11 12 11 23 12 22 13 22 11 12 
13 23 12 13 13 22 12 11 12 21 13 12 11 13 22 22 12 11 12 23 22 21 23 12 12 12 12 13 11 23 12 12 11 22 13 21 13 23 23 22 12 11 13 11 11 23 22 22 13 22 11 23 11 12 22 22 21 23 12 12 21 22 11 12 22 22 23 12 23 11 21 13 23 12 21 12 23 13 21 13 21 21 21 13 11 12 22 11 23 22 23 21 23 23 12 23 12 11 23 13 21 11 22 12 23 12 21 12 21 11 21 11 12 12 12 13 23 23 21 11 12 21 12 22 13 12 13 12 
22 11 11 21 22 12 12 23 23 23 11 11 12 21 21 11 21 11 21 22 12 12 11 22 22 13 21 13 13 13 21 23 13 22 21 23 23 11 12 21 23 21 22 23 13 21 13 22 13 12 12 11 13 12 21 12 21 11 13 11 22 22 22 23 23 21 23 11 12 22 21 23 11 13 21 21 21 22 21 22 12 22 21 13 23 23 13 23 12 13 12 11 21 23 21 23 23 11 13 11 22 12 11 23 22 21 13 11 21 22 12 12 12 22 21 23 21 21 22 12 23 13 21 12 21 13 13 23 
22 12 11 21 12 21 11 13 11 13 11 13 22 11 12 23 11 13 23 22 22 22 22 13 11 13 21 13 21 12 22 22 22 12 12 12 22 11 21 21 22 12 23 22 23 21 22 21 12 22 21 23 13 13 11 13 23 22 12 21 22 13 21 21 12 13 22 23 12 23 22 12 21 13 21 22 13 11 22 12 22 23 12 12 12 21 12 13 22 13 12 11 12 11 22 11 12 21 21 21 13 21 23 22 13 12 12 22 23 22 13 11 23 11 21 13 22 23 22 23 22 21 22 21 21 13 11 22 
22 11 11 21 12 21 12 22 13 13 21 13 11 23 11 12 23 12 13 21 12 22 21 22 23 22 12 23 11 23 13 13 23 22 22 21 12 13 12 11 23 22 11 12 23 22 23 21 11 11 21 23 11 12 12 13 21 13 21 13 13 11 23 13 12 11 22 23 21 12 23 22 23 11 21 22 21 21 13 22 21 23 12 11 21 12 23 22 12 12 22 12 23 23 11 13 11 21 12 23 12 22 22 22 13 22 21 13 21 23 22 11 23 23 11 11 13 12 11 22 22 22 21 23 22 23 13 13 
11 23 11 13 22 11 13 22 22 13 23 11 23 12 12 21 22 13 13 23 22 13 13 21 13 21 22 21 23 23 22 11 11 22 13 21 13 22 12 12 13 11 21 21 23 23 12 23 11 21 13 11 12 11 22 13 23 11 21 11 13 23 21 11 21 22 22 22 22 23 22 21 13 23 23 22 13 12 12 13 11 21 23 13 11 22 23 21 23 23 13 22 13 22 21 22 23 12 23 12 23 23 12 23 13 23 13 21 12 22 13 11 23 12 12 22 11 11 11 22 23 11 22 12 22 23 21 13 
13 21 11 12 23 23 13 13 12 13 21 23 22 23 23 11 12 13 21 13 12 23 11 13 23 21 12 23 22 13 11 22 23 13 21 12 22 21 22 11 11 11 11 13 23 23 21 23 11 22 13 23 11 11 22 23 13 21 22 21 13 22 22 23 21 23 13 11 11 21 11 13 12 22 11 22 12 21 11 23 22 22 21 12 21 11 12 11 12 22 13 23 12 12 13 23 21 12 13 22 22 11 23 13 23 11 21 12 11 21 13 11 21 13 23 11 11 11 21 23 22 23 11 23 12 12 22 21 
23 11 11 21 11 21 12 23 11 13 21 23 13 12 23 23 21 11 22 12 23 12 22 22 11 12 11 13 11 21 22 21 21 12 12 21 22 21 12 12 11 23 23 21 21 22 23 22 13 12 23 12 12 23 21 22 11 11 22 23 12 23 23 22 21 13 11 11 11 11 11 21 22 22 12 21 22 11 23 13 11 21 12 13 11 23 22 23 21 22 21 22 21 11 23 11 11 22 21 23 12 12 13 12 22 22 12 22 13 22 23 11 22 21 13 23 12 11 21 12 23 11 11 21 11 12 22 22 
22 12 11 22 13 13 12 11 23 21 21 22 21 21 22 11 12 11 23 12 11 21 22 13 11 13 21 12 21 22 13 12 11 21 23 21 13 13 21 22 21 12 22 11 12 23 12 23 22 23 21 23 13 22 11 23 11 12 12 11 22 13 12 12 13 12 11 23 21 22 12 22 11 23 11 21 13 23 23 21 23 23 12 12 22 12 21 11 21 12 13 13 13 23 11 22 22 12 13 13 11 12 22 11 23 11 12 13 12 21 12 12 23 13 13 11 12 12 22 13 12 12 13 13 12 23 21 22 
22 21 13 21 23 23 11 11 12 21 12 21 13 11 12 23 23 23 13 11 21 22 11 22 23 12 12 21 13 11 13 11 11 23 12 12 12 12 13 21 22 22 12 22 13 22 21 23 22 12 11 11 12 23 12 21 13 22 11 23 23 12 12 12 11 13 11 23 21 21 13 11 11 22 12 11 22 12 23 11 12 21 23 23 11 11 12 12 13 13 21 12 11 23 11 21 22 12 21 22 23 23 12 12 12 22 22 22 22 23 12 11 23 22 23 22 13 21 12 11 12 21 23 21 12 22 23 11 
12 22 13 11 22 23 13 23 13 22 13 22 21 22 13 12 12 23 12 12 11 11 21 21 11 21 12 21 13 12 23 21 22 11 21 11 21 11 23 22 12 12 21 23 13 13 21 23 21 21 11 23 13 23 22 11 11 13 12 23 21 22 12 21 13 23 12 22 12 11 11 23 23 12 12 13 23 23 11 22 23 21 23 21 21 22 12 23 22 11 23 23 23 13 21 11 12 22 11 22 21 23 23 21 13 12 11 23 22 22 21 13 23 13 23 12 12 21 13 11 12 13 21 22 23 22 21 11 
13 13 13 12 11 11 13 13 23 22 11 23 23 22 13 22 23 23 21 11 23 21 22 12 21 21 21 21 21 22 13 21 12 12 13 21 22 21 12 21 13 12 13 13 13 13 13 21 21 11 21 13 13 21 23 12 13 13 21 13 23 21 11 22 23 23 12 13 13 21 11 13 12 13 21 11 12 21 12 12 11 22 11 22 11 11 21 12 12 12 11 22 11 21 11 13 13 22 22 11 12 23 11 21 23 11 22 11 22 21 11 13 23 23 13 21 13 21 23 11 12 11 22 12 22 12 12 21 
21 12 13 11 12 23 12 23 23 21 13 21 13 12 22 11 11 22 21 13 13 12 13 22 11 21 12 11 12 21 23 12 12 22 21 11 11 23 22 11 13 23 21 21 21 11 23 22 22 23 22 22 11 23 21 13 21 22 22 21 12 13 13 12 23 11 11 11 21 13 13 11 12 12 22 11 22 12 12 21 21 23 11 22 22 21 13 21 22 22 22 21 23 22 23 21 22 11 12 12 11 11 22 21 23 21 23 21 22 21 11 11 13 13 12 11 13 21 23 22 12 22 11 11 22 11 11 23 
22 12 13 21 21 21 22 23 12 11 12 11 22 21 23 21 23 23 13 11 21 23 11 12 22 21 22 12 23 12 11 11 23 13 13 12 12 23 12 11 23 12 23 13 21 12 21 23 23 12 13 22 13 12 12 12 22 13 21 21 11 12 11 11 11 12 12 22 23 13 12 23 22 13 21 12 11 22 23 11 22 23 11 21 13 13 11 23 12 21 21 13 23 11 13 21 11 12 22 23 23 12 11 13 21 12 13 11 21 22 23 13 13 23 23 11 13 23 13 21 12 11 12 21 12 22 11 11 
23 22 12 21 21 11 23 11 22 11 21 13 13 11 22 11 23 21 13 23 11 11 22 13 11 13 21 11 22 23 23 21 22 13 22 23 22 11 23 12 23 21 11 23 21 13 11 23 21 23 22 12 12 12 12 23 21 21 23 13 12 13 22 21 11 21 11 21 11 21 11 12 11 13 22 12 22 13 23 23 11 23 23 21 22 21 21 12 23 23 12 12 12 13 22 12 12 22 12 12 21 11 21 11 12 22 21 22 12 23 13 11 11 12 22 23 12 22 13 21 12 12 13 13 11 23 12 13 
13 21 12 11 11 23 21 23 21 13 21 11 12 22 12 22 13 22 22 22 22 12 13 22 13 11 11 23 12 23 23 22 13 22 13 22 23 12 13 12 21 13 23 13 22 12 22 22 22 12 22 23 12 12 23 23 22 23 12 21 12 22 22 21 11 21 11 21 22 13 11 22 12 23 22 11 21 21 21 12 23 21 23 23 11 21 22 21 23 11 22 12 23 22 22 11 22 23 23 12 13 21 11 11 11 11 12 11 11 22 22 12 11 22 12 12 11 13 13 21 22 22 13 11 12 12 11 21 
11 12 13 12 11 23 22 11 11 11 23 12 21 13 12 13 23 22 21 21 11 21 12 11 23 12 21 22 22 12 13 11 23 23 23 13 22 12 23 21 11 11 12 21 13 13 21 23 22 22 12 12 12 11 21 21 23 12 13 22 21 23 22 12 22 12 12 13 23 12 11 21 23 23 13 21 12 12 11 22 13 21 11 22 23 12 12 11 12 12 22 23 12 13 13 21 23 13 13 21 11 22 11 13 13 13 21 22 11 13 23 12 12 12 13 23 11 12 21 12 23 11 21 21 13 13 12 23 
23 13 13 11 22 11 23 12 22 12 22 12 11 22 12 22 13 22 11 22 23 13 23 21 11 23 21 21 22 12 23 12 23 13 13 21 11 21 23 23 11 23 22 13 12 13 11 22 12 11 13 22 11 11 12 22 23 21 13 13 23 13 23 13 22 13 12 12 12 21 13 12 12 22 13 21 21 23 12 11 22 22 12 22 11 23 11 23 23 11 11 22 11 11 23 23 13 23 22 22 23 22 21 23 22 21 22 23 13 11 11 12 12 21 21 11 13 13 22 11 22 23 21 13 23 11 22 12 
23 21 21 21 22 23 23 21 23 23 21 11 23 13 21 12 21 22 12 23 13 23 23 21 23 23 12 11 12 21 13 23 12 11 22 21 11 21 13 23 11 12 23 12 12 13 23 22 11 23 22 13 12 21 12 13 21 22 23 12 23 13 21 23 13 13 11 11 12 13 23 22 13 23 13 21 11 12 12 21 11 11 22 12 22 12 22 23 11 21 23 22 21 23 13 13 23 22 11 12 21 13 13 22 23 12 13 11 21 11 21 12 12 13 11 21 12 11 13 11 23 22 23 11 21 22 23 11 
23 23 23 21 13 21 21 13 13 22 13 11 23 23 22 22 11 22 11 21 21 11 12 11 11 21 23 11 22 22 21 22 12 23 11 11 22 21 23 22 22 21 13 23 12 11 21 23 13 12 22 22 13 22 12 11 13 13 23 22 11 22 23 22 11 21 11 22 23 13 23 13 22 23 12 23 13 21 21 13 22 13 21 12 11 21 12 12 22 23 11 12 13 23 23 12 22 12 23 21 12 13 21 22 22 21 22 22 23 12 21 11 12 22 12 11 12 13 12 12 23 13 11 22 23 23 21 23 
11 13 22 11 13 13 22 13 21 21 11 11 13 11 23 12 22 21 23 22 13 22 13 22 22 11 23 21 13 13 13 11 23 22 23 11 22 13 13 13 23 11 21 12 13 11 11 23 12 21 12 12 13 21 21 12 13 22 22 12 12 21 13 13 12 23 13 22 22 21 22 11 21 13 22 23 22 11 23 21 12 13 11 13 21 23 13 21 11 21 12 13 12 12 13 23 12 11 21 22 11 12 11 21 12 12 12 11 23 12 13 13 12 12 22 21 12 11 23 22 22 22 12 11 22 12 22 21 
13 13 23 12 23 22 23 23 23 21 12 23 22 21 12 22 11 21 23 23 23 21 23 13 12 13 11 22 13 22 11 13 11 13 22 23 11 13 21 13 22 12 13 22 23 11 21 21 12 13 12 23 13 23 21 12 12 23 12 11 13 22 11 13 21 12 11 13 11 11 23 21 12 12 21 21 13 23 23 13 23 12 11 13 13 11 21 12 23 23 21 23 23 13 13 23 13 22 13 12 21 23 22 11 12 13 23 21 23 13 21 13 11 23 21 23 11 23 23 22 23 21 13 13 12 13 23 12 
22 23 22 11 22 23 21 11 12 23 13 21 12 13 11 13 23 21 13 21 12 12 12 12 11 12 23 23 21 21 23 21 13 12 13 11 12 12 12 13 11 23 21 13 23 12 23 21 11 22 21 23 13 22 13 13 11 11 12 22 13 11 11 21 22 12 11 11 11 11 22 12 23 13 23 21 21 11 12 21 13 13 22 11 23 22 22 11 22 11 13 23 12 23 23 12 22 23 23 22 22 22 11 12 11 23 21 11 12 13 22 13 22 11 13 13 13 23 21 21 12 13 11 22 12 22 21 11 
22 21 21 22 12 13 23 21 21 13 23 21 22 21 11 21 23 22 12 13 22 21 11 22 21 11 12 13 12 12 12 23 21 23 22 13 23 23 23 23 13 13 23 21 23 23 12 23 13 11 22 12 13 21 13 23 11 23 12 12 21 13 12 22 12 23 11 11 22 23 22 22 22 12 23 21 23 22 12 12 12 11 22 11 12 13 11 22 13 13 12 22 23 11 11 11 12 13 11 21 11 23 23 13 21 12 13 23 13 13 11 12 22 21 13 22 13 22 13 21 12 21 23 23 11 23 13 21 
22 23 23 21 12 21 23 22 21 13 23 23 23 11 21 13 12 23 21 11 13 13 21 13 13 21 11 11 21 12 23 12 22 12 12 22 23 22 13 21 13 23 12 13 21 23 23 21 11 22 13 23 13 13 12 21 12 12 12 12 21 23 12 13 12 23 13 23 23 11 23 23 12 11 21 11 11 21 11 21 23 13 22 11 22 22 22 12 22 12 22 11 23 12 23 21 11 12 21 13 12 13 12 13 23 22 23 23 11 11 23 13 23 12 22 13 11 23 12 13 11 23 21 11 21 22 12 22 
11 11 22 21 23 22 12 12 12 13 21 23 13 11 22 23 23 23 23 11 21 22 23 21 22 21 23 13 21 21 12 11 11 11 21 11 12 21 21 22 23 11 23 13 13 23 23 23 11 13 22 11 13 13 22 23 12 12 23 22 22 23 13 12 13 13 13 22 11 11 21 13 22 22 13 12 22 13 22 13 12 12 12 11 11 13 22 23 12 21 11 12 12 22 13 21 23 22 11 12 21 12 21 23 13 13 11 11 13 11 23 11 23 13 21 21 11 22 22 11 11 12 23 23 21 12 12 11 
11 11 23 13 22 12 13 21 23 11 22 21 21 22 21 13 13 23 12 12 13 22 13 22 11 23 13 23 13 21 23 21 21 22 11 11 13 13 12 22 22 12 11 21 13 22 13 22 12 11 23 23 13 13 21 21 23 23 21 11 21 11 23 23 22 11 11 13 12 23 21 21 21 21 13 11 13 21 23 22 22 11 11 12 22 11 11 23 21 21 21 13 23 23 22 11 22 22 21 21 22 12 11 23 11 12 23 22 12 11 11 13 22 21 12 11 12 11 22 13 12 21 11 22 21 13 13 12 
13 23 21 11 12 21 13 11 22 13 22 22 11 11 13 21 23 21 13 12 21 11 22 13 23 12 11 23 22 11 23 22 23 23 22 22 22 11 21 12 12 23 11 12 13 22 22 13 22 21 13 11 11 11 12 11 23 11 23 12 12 11 22 21 22 23 12 12 23 12 21 11 13 22 13 13 23 12 21 12 13 11 21 23 11 22 12 12 13 21 23 21 12 11 23 13 13 12 13 13 12 23 21 21 12 21 23 11 21 12 22 13 22 13 11 21 11 12 21 13 11 12 12 11 23 23 13 21 
23 23 21 22 11 21 12 11 11 22 12 11 11 22 13 11 13 21 23 12 11 23 23 22 13 11 22 23 22 21 12 13 12 13 11 22 23 11 11 11 13 13 21 22 12 21 21 13 22 12 11 23 13 13 13 12 23 13 13 21 12 11 22 13 13 23 12 11 23 13 23 13 23 23 11 11 21 23 11 22 21 13 22 22 23 13 23 23 22 12 11 21 12 12 13 21 21 21 23 12 11 22 13 23 22 13 12 23 21 11 22 13 21 22 21 11 12 11 12 22 11 13 11 21 12 23 12 22 
22 12 21 22 21 12 11 21 12 22 13 12 22 11 11 22 21 12 23 13 23 12 12 11 11 13 12 11 11 21 23 13 12 11 21 11 11 21 13 12 13 22 12 13 22 23 11 11 23 23 21 13 12 12 22 12 23 21 11 23 13 21 22 13 11 21 22 22 13 22 21 22 22 23 12 12 12 13 11 13 13 13 13 23 12 23 23 11 22 13 21 22 21 23 23 22 22 21 12 21 11 23 13 11 22 23 21 13 23 23 11 12 21 11 21 21 12 11 12 21 21 21 22 23 12 12 23 12 
13 13 22 21 13 22 12 12 22 23 11 11 11 21 23 11 12 11 23 13 12 21 13 21 21 22 22 12 21 13 13 22 22 21 13 23 11 22 22 11 22 13 23 22 23 23 23 11 23 13 21 21 23 21 21 13 22 12 12 13 21 23 23 12 11 12 23 23 13 12 12 11 12 13 23 13 22 21 12 23 23 11 12 21 22 13 11 12 13 11 22 11 12 12 13 13 12 12 23 23 21 12 21 13 22 13 11 22 22 23 23 13 22 22 13 21 11 11 23 22 23 12 22 12 11 11 21 13 
13 23 23 11 13 12 12 21 13 22 13 13 23 13 21 22 21 13 11 11 23 13 22 23 12 22 23 21 13 12 21 11 12 23 23 23 22 21 11 23 23 12 11 11 22 23 23 13 21 21 11 22 21 23 21 22 23 11 13 22 23 13 22 21 21 11 23 22 21 13 12 13 23 13 23 22 13 12 21 13 13 12 22 22 12 23 22 23 23 21 11 11 23 12 21 12 21 13 11 11 22 13 12 11 13 13 21 11 11 21 23 11 13 11 22 13 12 12 22 23 23 12 21 21 13 11 22 23 
12 23 23 11 22 12 13 22 13 21 13 11 23 23 21 11 11 13 13 22 11 11 21 11 22 22 11 23 11 23 12 11 11 13 11 12 21 13 22 22 21 21 11 11 23 21 12 13 23 13 13 11 23 22 11 22 21 21 21 21 21 12 12 21 23 22 22 11 22 21 12 23 21 12 22 21 11 23 21 22 11 13 23 23 22 23 23 13 12 21 23 21 21 21 12 22 21 22 21 22 11 11 21 12 13 23 23 11 12 23 13 13 13 23 21 21 12 21 12 12 21 21 22 23 21 23 23 23 
21 23 21 22 22 21 13 12 22 13 23 12 13 13 12 22 12 11 22 21 21 21 13 23 12 22 23 22 23 22 13 22 21 21 21 11 11 11 12 23 13 11 21 22 22 23 22 12 22 22 23 21 23 22 11 21 11 11 23 11 23 12 11 13 13 22 23 13 12 11 13 11 12 11 21 21 21 11 21 12 21 12 12 21 12 12 12 23 23 22 12 21 13 23 12 23 12 22 13 23 13 12 12 23 13 12 13 21 12 23 22 12 12 11 11 12 12 22 12 12 21 13 11 13 23 21 23 11 
22 11 23 22 13 12 13 22 13 11 22 12 21 21 12 13 21 12 23 21 11 12 22 13 22 13 22 12 13 13 23 21 13 21 12 23 13 11 21 23 13 21 13 11 13 21 21 11 21 13 21 12 22 22 23 23 13 22 21 21 13 23 12 12 13 12 22 21 13 13 13 23 13 12 23 21 13 21 12 23 11 12 12 23 21 23 11 23 13 23 13 23 21 12 22 13 12 11 23 11 23 23 22 21 22 21 23 11 12 21 21 12 12 21 13 22 11 22 12 12 21 13 12 12 21 13 23 12 
12 12 22 21 13 12 11 11 13 13 22 22 12 11 12 21 13 12 12 21 21 21 23 12 13 11 11 11 21 22 13 13 13 13 22 13 23 11 12 12 12 11 23 23 11 23 12 12 23 21 12 21 23 12 21 13 13 23 13 22 13 23 12 23 12 13 22 22 23 22 13 22 23 21 13 23 21 12 11 13 23 11 21 22 13 13 23 11 22 11 22 13 21 11 12 12 21 11 11 12 23 21 11 23 23 11 13 21 13 21 11 11 12 11 22 12 12 21 21 11 21 21 12 22 13 12 11 23 
12 21 23 11 21 23 11 11 23 11 23 23 22 21 22 12 21 13 12 23 12 13 11 22 13 13 22 11 23 21 22 12 21 12 11 11 23 22 23 11 23 13 13 11 12 12 22 12 11 11 23 11 22 11 23 11 12 12 12 13 11 13 13 23 23 21 23 21 23 12 12 12 12 21 13 21 23 23 11 22 12 12 22 11 23 23 12 22 21 11 11 11 12 22 22 21 11 23 23 23 11 23 22 13 22 13 22 12 22 22 21 12 11 23 22 22 13 22 21 12 13 13 23 12 12 12 13 23 
12 22 21 12 22 12 22 21 12 11 22 22 22 12 22 23 12 12 22 23 22 21 13 12 22 23 21 23 11 12 11 21 23 23 22 21 12 22 12 11 23 21 11 23 12 13 22 13 13 23 21 23 22 13 11 12 13 23 11 21 11 11 11 12 22 21 21 11 12 11 13 23 12 22 12 22 13 12 21 12 21 11 23 13 13 22 13 13 13 12 11 11 21 12 12 21 13 11 12 11 13 12 11 11 13 22 21 21 21 22 21 12 13 11 12 12 11 23 12 23 12 12 23 13 11 23 11 13 
22 13 23 22 12 11 21 12 12 23 11 21 12 13 22 13 22 13 22 23 13 23 22 23 11 21 13 23 23 11 23 22 12 21 11 13 13 21 21 12 23 13 21 13 21 13 13 12 12 12 11 13 22 13 12 13 13 21 23 21 23 21 22 11 13 22 22 12 12 23 11 13 23 23 11 13 22 13 22 22 11 23 13 12 23 11 23 21 23 21 23 21 12 12 13 13 22 12 21 12 21 11 21 11 13 13 12 13 21 21 12 11 13 21 13 22 12 13 13 23 12 22 21 23 13 21 13 13 
22 13 23 23 12 23 23 11 21 21 13 21 21 22 13 22 13 12 13 23 21 13 21 23 23 21 23 22 21 21 21 12 21 13 23 13 22 12 11 23 13 21 11 13 23 12 23 11 11 23 11 22 23 13 21 22 13 11 22 12 21 21 23 22 11 12 22 21 21 11 11 11 13 22 12 13 11 23 22 11 22 22 11 11 13 21 21 22 13 22 12 23 12 22 21 12 23 22 13 22 23 12 11 13 22 23 21 11 21 23 23 13 13 13 23 22 12 12 13 23 12 13 23 12 22 12 13 22 
12 21 22 21 22 13 22 23 13 21 11 21 13 12 11 11 23 13 11 21 13 21 12 12 11 13 12 11 11 11 12 11 22 12 12 23 22 12 22 21 13 12 21 21 22 11 21 11 11 12 21 23 21 12 23 23 22 21 22 13 21 22 22 22 13 13 21 22 23 11 13 22 12 13 21 12 23 13 11 21 13 21 21 13 22 12 13 11 22 21 13 21 23 23 11 22 13 21 23 12 13 23 22 22 23 11 12 22 11 22 22 11 23 23 22 13 13 12 22 23 11 22 11 12 22 12 22 22 
13 23 12 11 22 11 23 13 11 21 13 21 13 22 12 23 13 11 23 12 22 12 21 23 21 12 12 12 22 12 22 21 12 21 22 23 23 13 21 22 21 12 13 13 21 12 11 13 11 23 21 11 21 22 11 22 23 23 22 21 21 13 22 13 22 21 23 21 13 22 11 11 23 13 23 12 21 22 13 11 22 21 21 12 11 23 13 21 12 11 21 13 13 11 22 23 22 11 12 12 11 22 22 21 21 11 12 13 12 23 13 12 23 13 13 21 11 11 23 12 11 21 13 22 22 23 23 13 
11 13 11 12 12 22 22 22 23 21 11 12 22 13 22 11 12 12 22 11 12 22 22 13 11 13 21 22 12 21 13 21 11 23 13 12 11 22 13 21 22 23 13 23 22 13 23 12 12 13 11 21 22 22 12 21 22 12 13 11 13 13 21 12 21 21 22 12 22 11 11 23 11 12 23 13 11 13 13 21 23 21 11 11 21 12 23 11 12 12 12 13 22 13 11 13 21 11 23 22 21 22 12 22 12 23 21 23 13 23 22 13 21 23 23 11 13 13 12 11 12 13 13 12 22 22 22 13 
23 11 11 13 13 11 21 21 22 13 23 12 12 23 23 23 22 13 23 13 23 12 13 13 12 13 13 22 13 23 22 12 21 12 23 22 13 23 21 13 22 12 22 13 13 11 23 12 11 22 11 11 21 22 12 12 22 23 11 11 13 23 21 22 12 11 22 13 21 12 23 23 13 12 23 12 21 21 22 12 12 22 11 11 12 11 11 12 21 11 22 21 23 22 22 13 11 23 22 21 21 11 23 22 12 13 13 12 11 12 22 13 21 11 22 21 12 23 13 12 23 22 23 12 11 23 23 21 
23 12 12 23 23 12 23 12 13 11 22 11 23 13 21 12 13 11 13 12 13 12 12 22 23 21 12 21 21 13 12 13 12 22 22 21 23 23 13 13 12 23 13 22 11 12 12 12 11 12 21 23 23 21 23 13 22 12 12 21 12 23 13 23 13 12 23 21 12 21 22 11 23 13 22 13 13 12 23 21 21 21 22 11 21 21 13 22 12 11 22 23 11 13 21 22 13 23 11 12 11 13 13 12 11 21 21 23 23 12 11 13 23 22 13 11 12 23 21 12 22 23 21 23 13 11 22 23 
12 23 11 22 23 22 22 21 21 13 22 12 21 22 11 23 22 13 13 11 23 23 22 13 11 22 23 13 11 13 13 21 11 23 13 11 23 11 23 12 11 11 21 13 13 13 22 13 12 22 21 11 23 22 22 11 21 13 22 11 23 11 12 12 11 23 22 21 12 12 22 23 12 23 11 12 12 23 22 13 11 23 21 22 11 12 22 11 23 21 12 21 23 13 12 22 21 13 21 22 12 13 21 11 23 11 11 11 22 13 22 11 22 21 11 21 13 22 22 22 23 11 21 11 12 11 21 12 
11 22 11 11 12 11 22 12 21 12 22 12 12 13 11 13 11 13 22 13 12 13 11 23 23 23 11 13 22 23 22 21 23 13 23 11 12 13 12 23 12 12 11 21 11 13 23 12 22 21 11 22 21 22 12 13 21 22 23 11 21 11 13 12 22 21 22 22 22 11 21 12 12 22 13 23 22 13 11 21 22 23 13 21 23 23 23 22 13 21 22 13 22 21 23 11 12 13 13 22 21 22 13 12 22 12 11 13 21 12 23 11 22 11 23 11 11 23 22 23 22 22 11 12 11 23 12 12 
11 11 12 11 11 13 22 12 13 11 21 11 22 21 13 23 21 12 21 13 22 23 12 23 13 12 21 13 21 12 13 13 22 12 12 21 12 12 23 23 21 22 11 21 21 13 13 13 22 12 13 13 22 13 12 12 11 11 23 23 23 12 13 21 21 21 21 13 23 21 21 11 23 22 13 21 12 22 11 12 13 22 13 21 13 12 11 21 21 23 22 13 12 21 11 11 13 21 22 11 22 23 22 12 23 23 22 21 21 11 11 12 22 22 23 21 11 23 13 22 23 23 12 22 23 21 12 21 
23 12 11 12 21 22 23 21 23 21 11 13 12 12 21 13 13 22 12 13 11 12 22 11 22 11 22 21 11 12 22 13 11 22 23 11 21 21 12 21 22 13 23 11 22 12 23 13 21 23 22 12 22 12 13 21 11 11 23 13 21 21 13 22 21 12 23 11 12 11 23 21 13 23 12 23 21 12 12 22 22 21 11 21 22 22 22 12 12 11 13 13 21 12 21 21 22 13 11 12 13 21 12 21 12 11 11 11 22 12 23 11 22 13 13 22 12 21 12 21 22 12 11 22 22 13 13 23 
23 23 12 21 23 13 12 13 21 23 13 12 23 22 23 22 22 21 11 11 11 13 21 22 12 12 11 22 21 21 11 21 21 22 11 12 23 23 23 21 23 21 11 21 21 13 22 12 22 11 11 22 21 12 22 21 12 21 12 11 13 23 11 13 13 13 21 13 12 22 21 12 12 22 22 23 21 21 23 13 13 21 21 23 23 23 22 21 11 11 21 23 12 11 12 22 23 13 21 22 11 13 21 21 11 21 23 22 13 13 23 13 21 23 12 13 11 12 21 12 23 21 12 11 22 13 11 13 
11 23 13 23 11 13 12 22 12 23 13 22 21 13 23 11 12 23 23 22 21 22 11 11 12 22 22 22 13 21 23 21 21 13 22 21 12 23 13 12 13 12 21 12 23 22 12 11 21 23 12 13 23 11 23 23 13 12 11 23 13 11 22 11 11 21 21 23 21 21 23 12 23 12 23 21 11 11 21 23 22 21 21 21 12 12 12 11 22 11 12 22 11 22 12 12 13 22 11 11 23 12 13 23 11 11 11 11 11 13 11 12 13 12 21 23 11 12 23 13 12 11 22 21 12 13 12 13 
